1.2 1.0389 
1.205 1.0396 
1.198 1.039 
1.185 1.039 
1.189 1.0377 
1.201 1.0366 
1.197 1.0378 
1.192 1.0383 
1.179 1.0382 
1.193 1.0142 
1.196 1.0152 
1.199 1.0172 
1.198 1.0172 
1.188 1.0171 
1.193 1.0155 
1.198 1.0125 
1.2 1.0109 
1.206 1.005 
1.198 1.0029 
1.205 1.0063 
1.222 1.0089 
1.223 1.0067 
1.237 1.0098 
1.252 1.0106 
1.253 1.012 
1.262 1.0144 
1.257 1.015 
1.268 1.0156 
1.275 1.0166 
1.272 1.018 
1.268 1.0173 
1.269 1.0163 
1.265 1.0171 
1.26 1.0157 
1.239 1.0143 
1.243 1.0143 
1.243 1.0145 
1.244 1.0148 
1.248 1.0146 
1.245 1.015 
1.241 1.0157 
1.24 1.0175 
1.235 1.0178 
1.223 1.0177 
1.224 1.0172 
1.225 1.0157 
1.226 1.0151 
1.23 1.0098 
1.249 1.0067 
1.251 1.0056 
1.252 1.0023 
1.237 1.0019 
1.245 1.0047 
1.248 1.0063 
1.248 1.0082 
1.246 1.0129 
1.241 1.0133 
1.233 1.0139 
1.233 1.0168 
1.239 1.019 
1.242 1.0218 
1.24 1.0228 
1.243 1.0251 
1.25 1.0257 
1.254 1.027 
1.259 1.0276 
1.26 1.0274 
1.264 1.0267 
1.265 1.0276 
1.267 1.0285 
1.263 1.0286 
1.263 1.027 
1.254 1.0308 
1.25 1.0311 
1.247 1.0311 
1.241 1.0309 
1.236 1.0315 
1.221 1.0315 
1.229 1.0327 
1.225 1.0342 
1.228 1.0324 
1.234 1.0318 
1.228 1.032 
1.226 1.0324 
1.224 1.0251 
1.232 1.0367 
1.227 1.038 
1.226 1.0368 
1.215 1.0376 
1.216 1.0378 
1.216 1.0391 
1.211 1.0427 
1.217 1.0438 
1.219 1.0454 
1.223 1.0471 
1.23 1.0479 
1.228 1.0491 
1.232 1.0509 
1.228 1.0527 
1.225 1.0529 
1.235 1.0533 
1.242 1.0541 
1.246 1.0557 
1.245 1.0576 
1.243 1.0592 
1.251 1.06 
1.256 1.0601 
1.247 1.0608 
1.255 1.0598 
1.258 1.0614 
1.251 1.0623 
1.249 1.0632 
1.241 1.0657 
1.242 1.0665 
1.248 1.0667 
1.249 1.0679 
1.247 1.0681 
1.253 1.0695 
1.255 1.0717 
1.263 1.0755 
1.264 1.0785 
1.263 1.0796 
1.265 1.0792 
1.264 1.0786 
1.267 1.0767 
1.274 1.0774 
1.272 1.078 
1.27 1.0769 
1.271 1.0771 
1.273 1.0781 
1.267 1.0766 
1.264 1.0778 
1.261 1.079 
1.261 1.0809 
1.262 1.0824 
1.267 1.0834 
1.264 1.085 
1.261 1.0852 
1.269 1.0853 
1.28 1.0845 
1.288 1.084 
1.286 1.0845 
1.287 1.0835 
1.28 1.0822 
1.287 1.078 
1.288 1.0815 
1.288 1.0834 
1.286 1.0854 
1.286 1.0868 
1.29 1.0893 
1.29 1.0907 
1.291 1.0918 
1.291 1.0918 
1.293 1.0926 
1.294 1.0925 
1.293 1.0938 
1.292 1.0945 
1.292 1.0944 
1.293 1.0945 
1.293 1.0949 
1.293 1.0958 
1.293 1.0956 
1.293 1.0963 
1.293 1.0959 
1.293 1.097 
1.293 1.0925 
1.293 1.0918 
1.293 1.0871 
1.297 1.0848 
1.297 1.0863 
1.297 1.0868 
1.297 1.0879 
1.297 1.0878 
1.297 1.0878 
1.297 1.087 
1.297 1.087 
1.297 1.0878 
1.297 1.0866 
1.297 1.0862 
1.297 1.085 
1.297 1.0863 
1.297 1.0866 
1.298 1.0835 
1.0 1.0814 
1.0 1.0797 
1.001 1.0787 
1.001 1.0721 
1.001 1.0726 
1.001 1.0774 
1.001 1.0802 
1.001 1.0834 
1.001 1.0855 
1.002 1.0863 
1.002 1.0869 
1.002 1.0865 
1.003 1.0871 
1.003 1.0885 
1.003 1.0893 
1.003 1.0913 
1.005 1.0911 
1.007 1.0904 
1.009 1.0907 
1.011 1.0918 
1.013 1.0883 
1.013 1.0889 
1.013 1.0894 
1.014 1.0897 
1.016 1.0895 
1.024 1.0905 
1.023 1.0913 
1.027 1.0902 
1.027 1.0887 
1.024 1.0886 
1.018 1.0924 
1.014 1.0926 
1.015 1.092 
1.017 1.0919 
1.02 1.0924 
1.025 1.0914 
1.027 1.0902 
1.031 1.089 
1.034 1.0898 
1.038 1.0876 
1.034 1.087 
1.05 1.0846 
1.051 1.0833 
1.071 1.0806 
1.067 1.0793 
1.083 1.0765 
1.052 1.074 
1.06 1.0696 
1.052 1.0719 
1.053 1.0744 
1.053 1.0745 
1.067 1.0744 
1.078 1.0754 
1.076 1.0762 
1.076 1.0768 
1.073 1.0765 
1.071 1.0721 
1.074 1.0611 
1.078 1.0547 
1.082 1.0528 
1.091 1.0571 
1.093 1.0597 
1.1 1.063 
1.111 1.0191 
1.114 1.0135 
1.119 1.0071 
1.121 1.0085 
1.123 1.0113 
1.127 1.0138 
1.137 1.0182 
1.142 1.0227 
1.153 1.0232 
1.155 1.0274 
1.133 1.0302 
1.15 1.0305 
1.165 1.0347 
1.171 1.0329 
1.169 1.0327 
1.176 1.0326 
1.171 1.0286 
1.165 1.0282 
1.162 1.03 
1.164 1.0306 
1.161 1.0319 
1.17 1.0318 
1.167 1.0324 
1.165 1.0327 
1.15 1.0333 
1.15 1.0403 
1.159 1.0418 
1.164 1.0456 
1.167 1.0485 
1.175 1.0497 
1.179 1.0498 
1.181 1.0499 
1.174 1.05 
1.177 1.05 
1.18 1.0494 
1.185 1.0476 
1.177 1.0472 
1.18 1.0461 
1.179 1.0444 
1.173 1.0429 
1.18 1.0418 
1.183 1.0418 
1.185 1.0402 
1.189 1.0395 
1.193 1.0405 
1.201 1.0409 
1.2 1.041 
1.211 1.0429 
1.212 1.0446 
1.219 1.0469 
1.233 1.0467 
1.237 1.0491 
1.245 1.0524 
1.24 1.0539 
1.247 1.0576 
1.258 1.063 
1.253 1.0626 
1.26 1.062 
1.264 1.0616 
1.269 1.0593 
1.279 1.0583 
1.273 1.0577 
1.275 1.0583 
1.282 1.0597 
1.288 1.0611 
1.279 1.0622 
1.261 1.0624 
1.271 1.0636 
1.28 1.0637 
1.267 1.0649 
1.288 1.0647 
1.302 1.0635 
1.306 1.0609 
1.3 1.0638 
1.305 1.0662 
1.294 1.0669 
1.306 1.0679 
1.316 1.069 
1.317 1.0707 
1.297 1.0714 
1.292 1.0725 
1.291 1.0737 
1.314 1.0749 
1.34 1.075 
1.358 1.0771 
1.356 1.0776 
1.35 1.0775 
1.352 1.0751 
1.374 1.0751 
1.383 1.0773 
1.392 1.0758 
1.41 1.0753 
1.41 1.0745 
1.411 1.0749 
1.436 1.0731 
1.438 1.0717 
1.408 1.0739 
1.417 1.0761 
1.447 1.0756 
1.475 1.0742 
1.478 1.075 
1.481 1.0763 
1.482 1.0775 
1.463 1.0807 
1.46 1.083 
1.478 1.083 
1.49 1.0822 
1.495 1.0801 
1.467 1.0804 
1.442 1.0841 
1.449 1.0845 
1.424 1.0821 
1.397 1.078 
1.393 1.0622 
1.396 1.0695 
1.371 1.0769 
1.325 1.0787 
1.293 1.0801 
1.322 1.0809 
1.295 1.0821 
1.259 1.0866 
1.231 1.0883 
1.221 1.0885 
1.201 1.0885 
1.188 1.088 
1.202 1.0838 
1.218 1.0843 
1.24 1.085 
1.242 1.0865 
1.225 1.0882 
1.228 1.0881 
1.239 1.087 
1.249 1.0875 
1.257 1.088 
1.257 1.0881 
1.264 1.0881 
1.251 1.1051 
1.226 1.1143 
1.225 1.1259 
1.238 1.1255 
1.224 1.1254 
1.216 1.1234 
1.21 1.1226 
1.217 1.1184 
1.215 1.1134 
1.214 1.1005 
1.22 1.1022 
1.226 1.1005 
1.223 1.1085 
1.219 1.1118 
1.226 1.1092 
1.229 1.106 
1.236 1.1027 
1.211 1.102 
1.22 1.1039 
1.206 1.1067 
1.193 1.1084 
1.183 1.1094 
1.176 1.1104 
1.175 1.1099 
1.178 1.1131 
1.183 1.1149 
1.18 1.1161 
1.177 1.1182 
1.177 1.1208 
1.177 1.1199 
1.18 1.1199 
1.182 1.1183 
1.181 1.1183 
1.182 1.1113 
1.171 1.1134 
1.167 1.1239 
1.171 1.1259 
1.171 1.1272 
1.172 1.1259 
1.18 1.1293 
1.179 1.1306 
1.18 1.1336 
1.182 1.1374 
1.168 1.1394 
1.185 1.1394 
1.184 1.1384 
1.181 1.1418 
1.197 1.1461 
1.202 1.1467 
1.22 1.1474 
1.229 1.1494 
1.223 1.1486 
1.241 1.1434 
1.25 1.1463 
1.249 1.1479 
1.26 1.1481 
1.222 1.148 
1.231 1.1495 
1.233 1.1468 
1.236 1.1412 
1.24 1.1404 
1.234 1.141 
1.235 1.1396 
1.232 1.1444 
1.227 1.1468 
1.227 1.1506 
1.237 1.1511 
1.241 1.1536 
1.256 1.1528 
1.257 1.1526 
1.261 1.1531 
1.275 1.153 
1.267 1.1545 
1.26 1.1543 
1.27 1.1539 
1.267 1.1539 
1.257 1.1514 
1.278 1.1552 
1.289 1.1559 
1.276 1.1568 
1.284 1.1566 
1.294 1.1578 
1.283 1.1546 
1.259 1.1546 
1.267 1.1564 
1.251 1.1632 
1.247 1.165 
1.256 1.1645 
1.251 1.1647 
1.253 1.1653 
1.254 1.1662 
1.266 1.1662 
1.252 1.1673 
1.244 1.1693 
1.24 1.1715 
1.246 1.1727 
