000041
000043
000044
000049
000055
000071
000075
000076
000103
000179
000180
000193
000274
000275
000290
000341
000342
000369
000370
000391
000392
000393
000593
000614
000834
000885
000906
000927
000934
000948
000988
000989
000990
001061
001063
001065
001066
001092
001093
001481
001691
001767
001768
001876
001934
001935
001936
002230
002286
002287
002379
002380
002391
002392
002393
002400
002401
002402
002403
002423
002426
002427
002429
002467
002468
002877
002878
002879
002880
040018
040021
040046
040047
040048
050015
050020
050025
050030
050202
050203
070012
070031
080006
096001
100050
100055
100061
110031
110032
110033
118001
118002
159920
159941
160121
160125
160213
160216
160416
160717
160719
161116
161210
161229
161620
161714
161815
161831
162411
162415
163208
163813
164701
164705
164815
164906
165510
165513
183001
202801
206006
206011
217015
241001
262001
270023
270027
270042
320013
320017
377016
378006
378546
457001
460010
470888
486001
486002
501018
501021
510900
513030
513100
513500
513600
513660
519601
519602
519696
519709
519939
519981
539001
539002
539003
