1.001 1.019 1.018 1.016 1.1528 
1.003 1.02 1.02 1.018 1.1538 
1.004 1.02 1.02 1.018 1.1523 
1.006 1.02 1.021 1.019 1.1538 
1.007 1.021 1.021 1.019 1.154 
1.007 1.021 1.021 1.019 1.1539 
1.007 1.023 1.022 1.02 1.1543 
1.008 1.024 1.023 1.021 1.155 
1.008 1.025 1.024 1.022 1.1557 
1.008 1.025 1.024 1.022 1.1559 
1.009 1.026 1.026 1.024 1.1567 
1.009 1.027 1.027 1.025 1.1583 
1.009 1.028 1.028 1.026 1.1581 
1.01 1.02 1.03 1.028 1.1602 
1.011 1.02 1.031 1.029 1.1608 
1.011 1.02 1.032 1.03 1.159 
1.012 1.021 1.033 1.032 1.1632 
1.011 1.021 1.033 1.031 1.1645 
1.01 1.021 1.035 1.033 1.1663 
1.011 1.022 1.042 1.04 1.1673 
1.009 1.023 1.045 1.043 1.1689 
1.008 1.023 1.045 1.042 1.1694 
1.011 1.023 1.047 1.045 1.1729 
1.011 1.025 1.051 1.049 1.1748 
1.009 1.026 1.054 1.052 1.1815 
1.011 1.027 1.057 1.054 1.1874 
1.014 1.028 1.057 1.055 1.1898 
1.014 1.027 1.055 1.052 1.1851 
1.013 1.029 1.059 1.057 1.1891 
1.012 1.027 1.053 1.051 1.1827 
1.012 1.028 1.056 1.054 1.1845 
1.009 1.029 1.056 1.054 1.1871 
1.009 1.028 1.052 1.05 1.1847 
1.008 1.029 1.054 1.052 1.1863 
1.008 1.03 1.063 1.06 1.1919 
1.009 1.032 1.065 1.062 1.1929 
1.011 1.029 1.052 1.049 1.1851 
1.011 1.029 1.055 1.052 1.1876 
1.012 1.032 1.059 1.057 1.1928 
1.011 1.03 1.057 1.054 1.1927 
1.009 1.03 1.057 1.054 1.1933 
1.01 1.03 1.054 1.052 1.1924 
1.007 1.027 1.051 1.049 1.1899 
1.009 1.027 1.049 1.047 1.1868 
1.009 1.029 1.05 1.048 1.1865 
1.01 1.026 1.052 1.049 1.1862 
1.011 1.025 1.049 1.046 1.1817 
1.012 1.023 1.049 1.046 1.1801 
1.013 1.026 1.058 1.055 1.1874 
1.014 1.03 1.061 1.059 1.1903 
1.014 1.031 1.064 1.061 1.1939 
1.01 1.032 1.067 1.064 1.1955 
1.008 1.031 1.063 1.061 1.1926 
1.006 1.031 1.062 1.059 1.1919 
1.006 1.027 1.05 1.047 1.1842 
1.006 1.028 1.052 1.049 1.1847 
1.008 1.031 1.053 1.051 1.1862 
1.004 1.029 1.052 1.049 1.185 
1.002 1.03 1.052 1.049 1.185 
1.003 1.032 1.051 1.048 1.1836 
1.003 1.033 1.052 1.049 1.1846 
1.003 1.033 1.052 1.049 1.185 
1.004 1.033 1.055 1.052 1.1876 
1.006 1.032 1.054 1.051 1.1858 
1.007 1.029 1.045 1.042 1.18 
1.008 1.03 1.043 1.04 1.1791 
1.008 1.03 1.043 1.04 1.1795 
1.009 1.03 1.042 1.039 1.1792 
1.009 1.031 1.05 1.047 1.1844 
1.009 1.032 1.047 1.043 1.1802 
1.009 1.028 1.033 1.03 1.1693 
1.009 1.031 1.035 1.032 1.1713 
1.01 1.031 1.035 1.032 1.1714 
1.012 1.03 1.033 1.03 1.1708 
1.013 1.03 1.024 1.021 1.1657 
1.011 1.033 1.03 1.027 1.1688 
1.009 1.035 1.036 1.033 1.1732 
1.008 1.037 1.039 1.036 1.1759 
1.009 1.038 1.043 1.039 1.1777 
1.009 1.038 1.041 1.037 1.1758 
1.011 1.037 1.042 1.039 1.1768 
1.011 1.038 1.047 1.043 1.1802 
1.01 1.036 1.042 1.039 1.1765 
1.01 1.038 1.048 1.044 1.1789 
1.01 1.044 1.057 1.054 1.1849 
1.01 1.047 1.065 1.061 1.1909 
1.01 1.049 1.073 1.069 1.1945 
1.009 1.051 1.071 1.067 1.1947 
1.008 1.047 1.065 1.061 1.1913 
1.005 1.047 1.061 1.057 1.1902 
1.003 1.051 1.064 1.061 1.1936 
1.003 1.054 1.065 1.062 1.1939 
1.003 1.05 1.074 1.07 1.1962 
1.002 1.052 1.075 1.071 1.1964 
0.998 1.052 1.074 1.07 1.1961 
0.998 1.052 1.072 1.068 1.1961 
0.996 1.051 1.075 1.071 1.1962 
0.996 1.048 1.07 1.066 1.1941 
0.998 1.048 1.07 1.067 1.1935 
1.0 1.046 1.062 1.058 1.191 
1.0 1.045 1.057 1.053 1.1883 
1.001 1.042 1.042 1.038 1.1847 
1.0 1.047 1.044 1.04 1.1858 
1.001 1.051 1.044 1.04 1.1843 
1.003 1.053 1.046 1.042 1.1844 
1.003 1.05 1.04 1.036 1.1823 
1.003 1.043 1.018 1.015 1.1704 
1.003 1.042 1.022 1.018 1.1727 
1.003 1.038 1.002 0.998 1.1646 
1.005 1.037 1.008 1.004 1.1669 
1.005 1.042 1.015 1.011 1.1713 
1.005 1.043 1.018 1.014 1.1748 
1.008 1.043 1.023 1.019 1.1771 
1.009 1.043 1.023 1.019 1.1772 
1.006 1.047 1.033 1.029 1.1813 
1.007 1.049 1.033 1.029 1.1827 
1.003 1.051 1.028 1.024 1.1824 
1.008 1.048 1.029 1.025 1.1838 
1.009 1.046 1.033 1.029 1.1866 
1.008 1.041 1.028 1.024 1.1844 
1.003 1.044 1.029 1.025 1.1851 
1.007 1.049 1.034 1.03 1.1857 
1.002 1.051 1.042 1.038 1.1883 
1.004 1.053 1.037 1.033 1.1865 
1.002 1.06 1.039 1.035 1.1865 
1.009 1.062 1.038 1.034 1.1863 
1.01 1.057 1.034 1.03 1.1844 
1.013 1.057 1.029 1.024 1.181 
1.017 1.053 1.024 1.02 1.1796 
1.014 1.059 1.021 1.017 1.1785 
1.018 1.063 1.029 1.025 1.1792 
1.016 1.067 1.027 1.022 1.1772 
1.012 1.057 1.025 1.021 1.1772 
1.01 1.059 1.026 1.022 1.179 
1.011 1.057 1.02 1.016 1.1778 
1.008 1.051 1.021 1.017 1.1782 
1.002 1.053 1.023 1.019 1.1786 
1.007 1.063 1.03 1.026 1.1816 
1.006 1.066 1.033 1.028 1.1821 
1.004 1.069 1.036 1.032 1.1847 
1.007 1.071 1.038 1.033 1.1851 
1.007 1.066 1.037 1.033 1.1842 
1.008 1.068 1.036 1.031 1.1838 
1.01 1.065 1.037 1.032 1.1838 
1.008 1.062 1.043 1.038 1.1839 
1.006 1.064 1.045 1.04 1.1836 
1.004 1.063 1.043 1.039 1.1824 
1.005 1.061 1.039 1.035 1.1811 
1.008 1.055 1.034 1.029 1.1801 
1.005 1.06 1.038 1.033 1.1791 
1.01 1.06 1.036 1.031 1.1778 
1.015 1.063 1.032 1.028 1.1784 
1.013 1.067 1.032 1.027 1.1778 
1.013 1.069 1.031 1.026 1.1782 
1.011 1.071 1.039 1.034 1.1791 
1.01 1.072 1.039 1.034 1.1793 
1.013 1.068 1.036 1.031 1.1798 
1.017 1.068 1.034 1.029 1.1798 
1.017 1.06 1.034 1.029 1.1805 
1.018 1.067 1.034 1.029 1.1801 
1.022 1.07 1.041 1.036 1.181 
1.02 1.07 1.041 1.036 1.1811 
1.02 1.076 1.04 1.035 1.1812 
1.018 1.078 1.04 1.035 1.1808 
1.017 1.075 1.055 1.05 1.1822 
1.019 1.073 1.06 1.055 1.1827 
1.022 1.071 1.13 1.125 1.2328 
1.023 1.076 1.135 1.13 1.2339 
1.019 1.081 1.131 1.125 1.2322 
1.019 1.085 1.124 1.118 1.2307 
1.024 1.083 1.112 1.107 1.2303 
1.025 1.086 1.116 1.11 1.2313 
1.019 1.098 1.119 1.113 1.2328 
1.019 1.104 1.115 1.109 1.2325 
1.02 1.101 1.116 1.11 1.2324 
1.023 1.097 1.108 1.102 1.2308 
1.022 1.101 1.106 1.1 1.2311 
1.016 1.111 1.105 1.099 1.2324 
1.015 1.111 1.109 1.103 1.2339 
1.011 1.114 1.113 1.107 1.2346 
1.01 1.108 1.111 1.105 1.2343 
1.009 1.104 1.113 1.107 1.2344 
1.012 1.105 1.114 1.108 1.235 
1.009 1.106 1.114 1.108 1.2349 
1.009 1.093 1.11 1.104 1.2344 
1.01 1.088 1.107 1.101 1.234 
1.013 1.09 1.106 1.1 1.2337 
1.01 1.096 1.11 1.103 1.2342 
1.008 1.091 1.107 1.101 1.2334 
1.007 1.088 1.103 1.097 1.2315 
1.009 1.086 1.098 1.092 1.2296 
1.01 1.082 1.093 1.087 1.2277 
1.005 1.082 1.088 1.082 1.2263 
1.008 1.079 1.087 1.081 1.2255 
1.009 1.079 1.097 1.091 1.2267 
1.014 1.072 1.096 1.09 1.2261 
1.013 1.07 1.102 1.095 1.2269 
1.014 1.071 1.099 1.093 1.2261 
1.016 1.078 1.096 1.09 1.2262 
1.012 1.075 1.091 1.085 1.2255 
1.012 1.072 1.085 1.079 1.2251 
1.012 1.069 1.081 1.075 1.2237 
1.014 1.067 1.078 1.072 1.2227 
1.013 1.07 1.081 1.074 1.2243 
1.015 1.067 1.07 1.064 1.2226 
1.005 1.072 1.072 1.066 1.2212 
1.011 1.075 1.07 1.064 1.2177 
1.014 1.079 1.082 1.075 1.2216 
1.012 1.081 1.08 1.073 1.2219 
1.013 1.082 1.079 1.072 1.2213 
1.015 1.082 1.08 1.073 1.221 
1.014 1.081 1.079 1.073 1.2213 
1.013 1.076 1.072 1.065 1.2211 
1.016 1.074 1.072 1.066 1.2208 
1.018 1.079 1.077 1.071 1.22 
1.016 1.081 1.079 1.073 1.2218 
1.018 1.085 1.084 1.077 1.2222 
1.019 1.07 1.076 1.07 1.2208 
1.021 1.072 1.081 1.074 1.2231 
1.016 1.073 1.085 1.078 1.225 
1.015 1.069 1.082 1.075 1.2265 
1.024 1.067 1.078 1.072 1.2233 
1.031 1.068 1.078 1.071 1.2229 
1.026 1.071 1.077 1.071 1.2237 
1.027 1.071 1.071 1.065 1.2204 
1.029 1.074 1.071 1.065 1.2202 
1.031 1.074 1.07 1.064 1.2206 
1.031 1.073 1.062 1.055 1.2191 
1.03 1.071 1.058 1.051 1.2193 
1.037 1.071 1.054 1.047 1.2168 
1.039 1.068 1.043 1.037 1.2122 
1.039 1.067 1.038 1.031 1.2103 
1.046 1.067 1.035 1.029 1.2098 
1.039 1.068 1.037 1.031 1.2042 
1.044 1.073 1.043 1.036 1.2066 
1.041 1.071 1.037 1.031 1.2068 
1.047 1.074 1.043 1.037 1.2084 
1.046 1.076 1.049 1.043 1.208 
1.042 1.075 1.051 1.044 1.2114 
1.036 1.077 1.054 1.047 1.2075 
1.042 1.082 1.054 1.047 1.2048 
1.046 1.079 1.042 1.036 1.1976 
1.045 1.083 1.046 1.039 1.1966 
1.048 1.089 1.048 1.042 1.194 
1.046 1.084 1.044 1.037 1.1912 
1.044 1.082 1.037 1.031 1.1872 
1.054 1.085 1.034 1.027 1.1824 
1.051 1.089 1.039 1.033 1.1833 
1.055 1.09 1.035 1.028 1.1818 
1.059 1.087 1.033 1.026 1.1812 
1.056 1.085 1.03 1.023 1.178 
1.059 1.08 1.019 1.012 1.1728 
1.057 1.033 1.025 1.018 1.1763 
1.07 1.039 1.039 1.032 1.1867 
1.079 1.044 1.038 1.031 1.1852 
1.08 1.042 1.041 1.034 1.1878 
1.078 1.039 1.044 1.037 1.1888 
1.083 1.036 1.045 1.038 1.1908 
1.085 1.041 1.052 1.045 1.1933 
1.088 1.043 1.051 1.044 1.1939 
1.081 1.046 1.05 1.043 1.1936 
1.075 1.052 1.062 1.055 1.2013 
1.067 1.048 1.062 1.055 1.2017 
1.064 1.048 1.063 1.056 1.2028 
1.075 1.043 1.062 1.054 1.2044 
1.078 1.048 1.068 1.061 1.2097 
1.077 1.052 1.073 1.066 1.2141 
1.074 1.052 1.069 1.061 1.212 
1.076 1.052 1.069 1.062 1.212 
1.07 1.051 1.07 1.062 1.2146 
1.071 1.051 1.068 1.06 1.2157 
1.072 1.055 1.059 1.052 1.2138 
1.077 1.048 1.056 1.049 1.2122 
1.085 1.047 1.055 1.048 1.2134 
1.094 1.035 1.061 1.054 1.2197 
1.091 1.038 1.06 1.052 1.2198 
1.093 1.045 1.065 1.058 1.2232 
1.094 1.042 1.061 1.054 1.2225 
1.09 1.039 1.058 1.051 1.2205 
1.086 1.036 1.061 1.053 1.2216 
1.083 1.036 1.062 1.055 1.2227 
1.086 1.026 1.054 1.047 1.2195 
1.081 1.025 1.057 1.049 1.2216 
1.077 1.028 1.057 1.049 1.2219 
1.079 1.036 1.061 1.053 1.2233 
1.078 1.037 1.064 1.056 1.2259 
1.077 1.041 1.065 1.057 1.2275 
1.079 1.042 1.066 1.058 1.2289 
1.08 1.037 1.062 1.054 1.2271 
1.082 1.031 1.061 1.054 1.2289 
1.088 1.032 1.07 1.062 1.2328 
1.092 1.03 1.071 1.064 1.2337 
1.093 1.031 1.073 1.065 1.233 
1.097 1.034 1.074 1.066 1.2324 
1.098 1.026 1.07 1.062 1.2287 
1.099 1.021 1.068 1.06 1.2265 
1.103 1.019 1.065 1.058 1.2262 
1.104 1.023 1.068 1.06 1.2286 
1.101 1.017 1.067 1.06 1.2283 
1.101 1.016 1.067 1.059 1.2292 
1.099 1.022 1.071 1.063 1.2315 
1.095 1.024 1.079 1.071 1.234 
1.088 1.027 1.08 1.072 1.2348 
1.086 1.031 1.089 1.081 1.2378 
1.087 1.029 1.087 1.079 1.2378 
1.087 1.029 1.088 1.08 1.2386 
1.089 1.03 1.085 1.076 1.2387 
1.093 1.03 1.086 1.078 1.24 
1.09 1.032 1.089 1.081 1.2417 
1.091 1.033 1.087 1.079 1.2432 
1.096 1.029 1.083 1.074 1.2428 
1.096 1.026 1.085 1.076 1.2435 
1.102 1.027 1.084 1.075 1.2448 
1.102 1.026 1.084 1.075 1.2449 
1.097 1.022 1.084 1.076 1.2448 
1.094 1.02 1.073 1.065 1.2419 
1.096 1.022 1.081 1.073 1.2477 
1.098 1.027 1.084 1.076 1.2496 
1.099 1.031 1.083 1.075 1.2506 
1.102 1.035 1.087 1.078 1.2534 
1.105 1.032 1.082 1.073 1.2511 
1.108 1.033 1.085 1.076 1.2526 
1.105 1.029 1.086 1.078 1.2556 
1.109 1.035 1.092 1.083 1.2589 
1.109 1.035 1.092 1.083 1.2584 
1.109 1.034 1.091 1.082 1.2585 
1.111 1.031 1.087 1.078 1.2575 
1.115 1.029 1.085 1.077 1.2576 
1.117 1.03 1.079 1.071 1.2566 
1.119 1.032 1.08 1.071 1.2658 
1.117 1.034 1.088 1.079 1.2675 
1.12 1.037 1.089 1.08 1.2682 
1.121 1.042 1.092 1.083 1.269 
1.124 1.043 1.094 1.085 1.2704 
1.123 1.045 1.093 1.084 1.2701 
1.126 1.047 1.101 1.093 1.2705 
1.123 1.042 1.102 1.093 1.2715 
1.122 1.044 1.101 1.092 1.2727 
1.126 1.049 1.104 1.095 1.2757 
1.127 1.048 1.109 1.1 1.2746 
1.13 1.053 1.112 1.103 1.276 
1.131 1.056 1.113 1.104 1.2764 
1.132 1.049 1.113 1.104 1.277 
1.133 1.054 1.121 1.111 1.2781 
1.131 1.056 1.122 1.113 1.2782 
1.141 1.054 1.128 1.119 1.2821 
1.141 1.057 1.132 1.123 1.2855 
1.144 1.059 1.133 1.123 1.2866 
1.153 1.055 1.136 1.127 1.2854 
1.149 1.053 1.134 1.125 1.2839 
1.15 1.048 1.133 1.124 1.2838 
1.151 1.05 1.135 1.125 1.2876 
1.15 1.055 1.136 1.127 1.2878 
1.15 1.055 1.138 1.129 1.2888 
1.145 1.054 1.137 1.127 1.2882 
1.144 1.057 1.137 1.128 1.2899 
1.138 1.06 1.139 1.13 1.2899 
1.136 1.062 1.142 1.132 1.2907 
1.136 1.061 1.142 1.133 1.2914 
1.136 1.06 1.143 1.134 1.2911 
1.135 1.059 1.147 1.137 1.2925 
1.14 1.058 1.147 1.137 1.2906 
1.133 1.056 1.148 1.138 1.2922 
1.133 1.059 1.148 1.139 1.2917 
1.134 1.056 1.146 1.136 1.2906 
1.137 1.052 1.147 1.137 1.2915 
1.146 1.052 1.148 1.138 1.2924 
1.148 1.055 1.15 1.14 1.2933 
1.151 1.053 1.15 1.14 1.2938 
1.153 1.051 1.151 1.141 1.2943 
1.154 1.05 1.15 1.14 1.2933 
1.153 1.02 1.15 1.141 1.294 
1.154 1.02 1.152 1.142 1.2965 
1.153 1.022 1.153 1.143 1.2964 
1.155 1.015 1.151 1.142 1.2958 
1.157 1.013 1.152 1.142 1.2972 
1.157 1.017 1.152 1.143 1.2979 
1.154 1.021 1.155 1.145 1.2998 
1.154 1.025 1.157 1.147 1.3006 
1.154 1.027 1.16 1.15 1.3019 
1.162 1.027 1.161 1.151 1.3029 
1.162 1.022 1.162 1.152 1.3037 
1.16 1.024 1.163 1.153 1.305 
1.163 1.029 1.162 1.152 1.3046 
1.168 1.031 1.163 1.153 1.3049 
1.167 1.03 1.162 1.152 1.3051 
1.164 1.032 1.164 1.154 1.3056 
1.166 1.035 1.166 1.156 1.3061 
1.164 1.036 1.167 1.157 1.3063 
1.167 1.036 1.167 1.156 1.3067 
1.17 1.036 1.166 1.155 1.3065 
1.175 1.039 1.168 1.157 1.3072 
1.178 1.043 1.171 1.161 1.3118 
1.182 1.043 1.173 1.162 1.3121 
1.182 1.041 1.173 1.163 1.3123 
1.186 1.043 1.172 1.161 1.3124 
1.188 1.046 1.175 1.164 1.313 
1.186 1.045 1.178 1.167 1.3134 
1.187 1.04 1.178 1.167 1.3132 
1.19 1.041 1.18 1.17 1.3136 
1.181 1.04 1.18 1.169 1.3138 
1.187 1.042 1.183 1.172 1.3165 
1.189 1.047 1.184 1.174 1.3174 
1.191 1.049 1.188 1.177 1.3177 
1.188 1.051 1.193 1.182 1.3177 
1.189 1.052 1.193 1.182 1.3179 
1.192 1.055 1.193 1.182 1.3183 
1.189 1.056 1.194 1.184 1.3185 
1.191 1.056 1.194 1.183 1.3189 
1.197 1.059 1.197 1.186 1.319 
1.204 1.061 1.197 1.186 1.3194 
1.205 1.061 1.198 1.187 1.3198 
1.203 1.054 1.191 1.18 1.3195 
1.207 1.054 1.192 1.181 1.32 
1.206 1.053 1.194 1.183 1.3204 
1.207 1.058 1.197 1.186 1.3212 
1.206 1.056 1.197 1.186 1.3214 
1.203 1.059 1.198 1.186 1.3241 
1.204 1.061 1.2 1.189 1.3242 
1.207 1.061 1.201 1.19 1.3248 
1.206 1.063 1.203 1.192 1.3251 
1.203 1.065 1.205 1.194 1.326 
1.198 1.067 1.206 1.194 1.3265 
1.202 1.072 1.21 1.198 1.3276 
1.203 1.079 1.21 1.198 1.3278 
1.208 1.08 1.209 1.198 1.3287 
1.21 1.084 1.211 1.199 1.3293 
1.213 1.083 1.212 1.2 1.3303 
1.222 1.082 1.219 1.208 1.3314 
1.224 1.079 1.221 1.209 1.3323 
1.218 1.08 1.222 1.211 1.3342 
1.216 1.081 1.228 1.216 1.3365 
1.219 1.081 1.227 1.215 1.338 
1.219 1.082 1.226 1.214 1.3386 
1.222 1.081 1.235 1.224 1.3394 
1.214 1.083 1.236 1.225 1.3398 
1.216 1.085 1.237 1.225 1.3404 
1.213 1.093 1.242 1.23 1.3412 
1.21 1.094 1.251 1.239 1.3416 
1.215 1.096 1.253 1.241 1.3422 
1.217 1.095 1.254 1.242 1.3433 
1.22 1.099 1.258 1.245 1.3454 
1.223 1.096 1.26 1.247 1.3508 
1.229 1.096 1.261 1.248 1.3562 
1.232 1.099 1.264 1.251 1.3572 
1.24 1.103 1.265 1.253 1.3613 
1.239 1.111 1.27 1.257 1.3649 
1.249 1.103 1.27 1.257 1.3653 
1.25 1.108 1.275 1.262 1.366 
1.248 1.103 1.268 1.255 1.3648 
1.259 1.099 1.265 1.252 1.3648 
1.258 1.096 1.265 1.252 1.363 
1.264 1.097 1.262 1.249 1.36 
1.253 1.101 1.263 1.251 1.3603 
1.239 1.104 1.262 1.249 1.3609 
1.21 1.107 1.27 1.257 1.3615 
1.218 1.115 1.277 1.264 1.3642 
1.223 1.119 1.278 1.265 1.3648 
1.231 1.127 1.282 1.269 1.3652 
1.234 1.134 1.288 1.275 1.3654 
1.235 1.139 1.301 1.288 1.3654 
1.234 1.14 1.297 1.284 1.3654 
1.234 1.155 1.307 1.293 1.3656 
1.23 1.158 1.308 1.295 1.3674 
1.213 1.186 1.32 1.307 1.3671 
1.208 1.179 1.314 1.301 1.3659 
1.217 1.194 1.317 1.303 1.3648 
1.223 1.163 1.288 1.275 1.3624 
1.228 1.17 1.302 1.289 1.3615 
1.222 1.173 1.306 1.292 1.3636 
1.215 1.176 1.304 1.291 1.3636 
1.217 1.181 1.3 1.286 1.3638 
1.22 1.183 1.302 1.288 1.364 
1.226 1.182 1.301 1.288 1.3634 
1.227 1.187 1.296 1.283 1.365 
1.222 1.185 1.296 1.283 1.3662 
1.229 1.182 1.294 1.28 1.3679 
1.231 1.171 1.292 1.278 1.3673 
1.236 1.175 1.294 1.281 1.3677 
1.233 1.181 1.293 1.28 1.3692 
1.238 1.187 1.299 1.285 1.3714 
1.247 1.185 1.302 1.288 1.3728 
1.249 1.178 1.304 1.29 1.3731 
1.266 1.184 1.311 1.297 1.3742 
1.268 1.197 1.316 1.302 1.3757 
1.275 1.203 1.32 1.306 1.3767 
1.271 1.206 1.322 1.307 1.3772 
1.271 1.202 1.322 1.307 1.3768 
1.267 1.202 1.324 1.31 1.378 
1.267 1.198 1.319 1.305 1.3762 
1.266 1.206 1.324 1.309 1.3777 
1.265 1.204 1.327 1.312 1.3791 
1.254 1.205 1.331 1.316 1.3846 
1.267 1.214 1.332 1.317 1.3861 
1.263 1.204 1.319 1.305 1.3818 
1.275 1.217 1.328 1.313 1.3838 
1.267 1.226 1.334 1.319 1.3877 
1.272 1.11 1.334 1.319 1.3893 
1.279 1.103 1.335 1.32 1.3913 
1.284 1.107 1.334 1.319 1.3894 
1.287 1.107 1.331 1.316 1.386 
1.297 1.1 1.325 1.31 1.3842 
1.303 1.097 1.324 1.309 1.3845 
1.314 1.093 1.323 1.309 1.3843 
1.31 1.089 1.323 1.308 1.381 
1.315 1.098 1.318 1.304 1.3811 
1.314 1.101 1.326 1.311 1.3814 
1.318 1.104 1.323 1.308 1.3833 
1.321 1.094 1.322 1.307 1.383 
1.327 1.089 1.325 1.31 1.3884 
1.325 1.098 1.326 1.311 1.39 
1.322 1.104 1.33 1.315 1.3915 
1.322 1.107 1.318 1.303 1.3933 
1.328 1.114 1.337 1.322 1.3971 
1.322 1.125 1.337 1.322 1.4031 
1.318 1.131 1.341 1.326 1.4052 
1.321 1.127 1.343 1.328 1.4072 
1.329 1.128 1.344 1.329 1.4089 
1.328 1.133 1.351 1.335 1.4113 
1.343 1.14 1.368 1.353 1.4142 
1.342 1.138 1.369 1.353 1.4159 
1.343 1.14 1.375 1.36 1.4191 
1.354 1.139 1.375 1.36 1.4182 
1.349 1.133 1.372 1.356 1.4169 
1.354 1.136 1.376 1.36 1.4196 
1.342 1.143 1.375 1.359 1.4188 
1.351 1.142 1.377 1.361 1.4214 
1.354 1.144 1.377 1.361 1.4229 
1.363 1.151 1.378 1.362 1.4239 
1.367 1.166 1.383 1.367 1.4268 
1.373 1.169 1.391 1.375 1.4278 
1.371 1.172 1.394 1.378 1.4248 
1.379 1.174 1.397 1.381 1.4252 
1.367 1.182 1.402 1.385 1.4256 
1.365 1.196 1.407 1.39 1.4271 
1.378 1.202 1.41 1.393 1.4271 
1.39 1.201 1.412 1.395 1.4251 
1.38 1.185 1.402 1.386 1.423 
1.36 1.188 1.405 1.389 1.4231 
1.364 1.19 1.409 1.393 1.4239 
1.367 1.192 1.413 1.396 1.421 
1.356 1.2 1.415 1.398 1.4204 
1.373 1.207 1.426 1.409 1.4201 
1.398 1.211 1.436 1.419 1.4242 
1.396 1.219 1.44 1.422 1.4307 
1.4 1.207 1.435 1.418 1.4248 
1.402 1.197 1.43 1.412 1.4213 
1.38 1.204 1.434 1.416 1.4275 
1.387 1.211 1.441 1.423 1.4336 
1.394 1.207 1.442 1.425 1.4364 
1.4 1.195 1.429 1.411 1.4341 
1.379 1.202 1.43 1.413 1.4362 
1.374 1.209 1.427 1.41 1.4381 
1.37 1.199 1.42 1.403 1.4406 
1.387 1.215 1.431 1.414 1.4427 
1.413 1.238 1.433 1.415 1.4435 
1.437 1.241 1.433 1.416 1.4457 
1.425 1.238 1.432 1.415 1.4448 
1.434 1.241 1.432 1.414 1.4464 
1.442 1.224 1.428 1.411 1.4494 
1.462 1.233 1.432 1.415 1.4524 
1.474 1.237 1.432 1.414 1.4511 
1.491 1.239 1.433 1.415 1.4512 
1.517 1.226 1.426 1.409 1.447 
1.524 1.226 1.425 1.408 1.445 
1.548 1.229 1.424 1.407 1.4457 
1.578 1.242 1.432 1.414 1.4499 
1.582 1.259 1.438 1.421 1.455 
1.54 1.269 1.438 1.421 1.4555 
1.548 1.264 1.436 1.418 1.4557 
1.59 1.264 1.449 1.431 1.4579 
1.605 1.266 1.45 1.432 1.4572 
1.603 1.274 1.465 1.446 1.458 
1.602 1.282 1.474 1.456 1.4601 
1.602 1.293 1.485 1.466 1.4621 
1.587 1.301 1.501 1.482 1.4625 
1.587 1.303 1.498 1.48 1.4653 
1.585 1.312 1.505 1.486 1.4735 
1.58 1.33 1.521 1.501 1.4782 
1.583 1.327 1.531 1.511 1.4859 
1.568 1.291 1.488 1.469 1.4857 
1.544 1.301 1.495 1.476 1.4915 
1.552 1.332 1.535 1.515 1.5046 
1.521 1.341 1.546 1.527 1.5114 
1.483 1.339 1.544 1.524 1.5052 
1.495 1.344 1.542 1.523 1.5055 
1.503 1.343 1.55 1.531 1.5075 
1.479 1.334 1.547 1.528 1.5092 
1.427 1.333 1.546 1.526 1.513 
1.396 1.34 1.547 1.527 1.5072 
1.434 1.341 1.553 1.533 1.5074 
1.399 1.342 1.562 1.542 1.51 
1.376 1.333 1.565 1.545 1.5137 
1.367 1.32 1.551 1.531 1.5022 
1.356 1.332 1.558 1.538 1.5037 
1.32 1.315 1.544 1.524 1.4922 
1.3 1.298 1.512 1.493 1.4782 
1.348 1.291 1.509 1.49 1.4802 
1.381 1.293 1.519 1.5 1.488 
1.397 1.274 1.5 1.481 1.4758 
1.4 1.241 1.467 1.448 1.4563 
1.37 1.22 1.445 1.426 1.4498 
1.374 1.237 1.461 1.442 1.4565 
1.401 1.221 1.442 1.423 1.4475 
1.416 1.204 1.42 1.401 1.4388 
1.424 1.198 1.413 1.395 1.4357 
1.43 1.196 1.413 1.395 1.4388 
1.454 1.18 1.395 1.377 1.4408 
1.44 1.177 1.386 1.368 1.4409 
1.387 1.196 1.395 1.377 1.4407 
1.381 1.207 1.405 1.387 1.4409 
1.403 1.224 1.42 1.401 1.4403 
1.39 1.233 1.429 1.41 1.4411 
1.388 1.217 1.419 1.4 1.4414 
1.378 1.219 1.425 1.406 1.4421 
1.391 1.234 1.44 1.421 1.4488 
1.386 1.242 1.451 1.431 1.4516 
1.383 1.251 1.456 1.436 1.4516 
1.391 1.258 1.461 1.441 1.4523 
1.406 1.268 1.468 1.448 1.4582 
1.405 1.262 1.465 1.445 1.4604 
1.401 1.242 1.451 1.432 1.4611 
1.406 1.235 1.447 1.428 1.4634 
1.412 1.249 1.458 1.439 1.4649 
1.422 1.239 1.452 1.433 1.4656 
1.397 1.236 1.449 1.429 1.4701 
1.403 1.227 1.442 1.423 1.4728 
1.397 1.243 1.456 1.436 1.4738 
1.387 1.241 1.453 1.433 1.4767 
1.375 1.242 1.452 1.433 1.4797 
1.366 1.254 1.462 1.442 1.4816 
1.361 1.271 1.475 1.455 1.483 
1.366 1.271 1.474 1.454 1.4829 
1.385 1.275 1.471 1.451 1.4825 
1.377 1.286 1.477 1.457 1.4833 
1.367 1.283 1.478 1.458 1.4834 
1.372 1.285 1.484 1.463 1.4851 
1.375 1.266 1.476 1.455 1.4856 
1.377 1.273 1.486 1.465 1.4858 
1.383 1.271 1.478 1.458 1.4875 
1.381 1.258 1.467 1.447 1.4875 
1.386 1.244 1.453 1.433 1.487 
1.367 1.235 1.443 1.423 1.4874 
1.356 1.23 1.436 1.416 1.4922 
1.37 1.234 1.436 1.416 1.4926 
1.361 1.243 1.449 1.429 1.4934 
1.362 1.238 1.448 1.428 1.494 
1.372 1.229 1.437 1.417 1.4943 
1.375 1.224 1.432 1.412 1.4952 
1.371 1.227 1.434 1.414 1.4956 
1.378 1.235 1.443 1.423 1.4968 
1.373 1.242 1.452 1.431 1.4971 
1.382 1.238 1.451 1.431 1.4979 
1.376 1.241 1.453 1.432 1.4982 
1.381 1.229 1.442 1.422 1.4998 
1.392 1.216 1.433 1.413 1.5 
1.397 1.229 1.444 1.423 1.5011 
1.412 1.227 1.44 1.42 1.5006 
1.416 1.23 1.443 1.423 1.5011 
1.414 1.238 1.45 1.429 1.502 
1.425 1.241 1.452 1.431 1.5023 
1.43 1.235 1.451 1.431 1.5021 
1.428 1.239 1.454 1.434 1.5027 
1.435 1.232 1.45 1.429 1.5024 
1.414 1.238 1.453 1.433 1.5043 
1.424 1.234 1.452 1.431 1.5046 
1.429 1.233 1.456 1.435 1.5073 
1.435 1.244 1.464 1.443 1.509 
1.444 1.248 1.466 1.445 1.509 
1.435 1.261 1.473 1.452 1.5104 
1.438 1.264 1.475 1.454 1.5115 
1.439 1.261 1.474 1.453 1.5139 
1.435 1.271 1.482 1.46 1.514 
1.437 1.276 1.489 1.467 1.5142 
1.453 1.275 1.49 1.468 1.5147 
1.453 1.284 1.493 1.471 1.5161 
1.46 1.262 1.486 1.464 1.5174 
1.466 1.274 1.489 1.467 1.5185 
1.468 1.28 1.492 1.47 1.5196 
1.421 1.285 1.497 1.475 1.5237 
1.419 1.288 1.498 1.476 1.5258 
1.405 1.281 1.497 1.475 1.5289 
1.418 1.284 1.499 1.477 1.5318 
1.416 1.281 1.499 1.477 1.5352 
1.409 1.274 1.501 1.479 1.5359 
1.413 1.275 1.503 1.481 1.5364 
1.421 1.288 1.51 1.488 1.5357 
1.421 1.288 1.51 1.488 1.5364 
1.419 1.301 1.514 1.492 1.5362 
1.428 1.305 1.519 1.497 1.5326 
1.431 1.304 1.518 1.496 1.5308 
1.412 1.309 1.524 1.502 1.531 
1.415 1.304 1.527 1.505 1.5302 
1.417 1.295 1.517 1.495 1.5302 
1.408 1.302 1.523 1.501 1.5311 
1.421 1.304 1.52 1.497 1.5313 
1.426 1.303 1.513 1.491 1.5308 
1.437 1.314 1.521 1.498 1.5299 
1.433 1.322 1.523 1.501 1.53 
1.431 1.322 1.523 1.5 1.5298 
1.429 1.324 1.529 1.507 1.5292 
1.428 1.335 1.536 1.513 1.5298 
1.433 1.333 1.537 1.514 1.5301 
1.433 1.314 1.523 1.5 1.5305 
1.434 1.315 1.53 1.507 1.5326 
1.441 1.311 1.532 1.51 1.5332 
1.435 1.304 1.527 1.504 1.5344 
1.43 1.312 1.532 1.509 1.5366 
1.432 1.31 1.534 1.511 1.5398 
1.425 1.313 1.542 1.519 1.5416 
1.428 1.309 1.54 1.517 1.5421 
1.431 1.305 1.535 1.512 1.5438 
1.428 1.308 1.535 1.512 1.544 
1.431 1.304 1.53 1.507 1.5449 
1.434 1.309 1.536 1.513 1.5456 
1.429 1.312 1.546 1.522 1.5458 
