1.018 1.1528 
1.02 1.1538 
1.02 1.1523 
1.021 1.1538 
1.021 1.154 
1.021 1.1539 
1.022 1.1543 
1.023 1.155 
1.024 1.1557 
1.024 1.1559 
1.026 1.1567 
1.027 1.1583 
1.028 1.1581 
1.03 1.1602 
1.031 1.1608 
1.032 1.159 
1.033 1.1632 
1.033 1.1645 
1.035 1.1663 
1.042 1.1673 
1.045 1.1689 
1.045 1.1694 
1.047 1.1729 
1.051 1.1748 
1.054 1.1815 
1.057 1.1874 
1.057 1.1898 
1.055 1.1851 
1.059 1.1891 
1.053 1.1827 
1.056 1.1845 
1.056 1.1871 
1.052 1.1847 
1.054 1.1863 
1.063 1.1919 
1.065 1.1929 
1.052 1.1851 
1.055 1.1876 
1.059 1.1928 
1.057 1.1927 
1.057 1.1933 
1.054 1.1924 
1.051 1.1899 
1.049 1.1868 
1.05 1.1865 
1.052 1.1862 
1.049 1.1817 
1.049 1.1801 
1.058 1.1874 
1.061 1.1903 
1.064 1.1939 
1.067 1.1955 
1.063 1.1926 
1.062 1.1919 
1.05 1.1842 
1.052 1.1847 
1.053 1.1862 
1.052 1.185 
1.052 1.185 
1.051 1.1836 
1.052 1.1846 
1.052 1.185 
1.055 1.1876 
1.054 1.1858 
1.045 1.18 
1.043 1.1791 
1.043 1.1795 
1.042 1.1792 
1.05 1.1844 
1.047 1.1802 
1.033 1.1693 
1.035 1.1713 
1.035 1.1714 
1.033 1.1708 
1.024 1.1657 
1.03 1.1688 
1.036 1.1732 
1.039 1.1759 
1.043 1.1777 
1.041 1.1758 
1.042 1.1768 
1.047 1.1802 
1.042 1.1765 
1.048 1.1789 
1.057 1.1849 
1.065 1.1909 
1.073 1.1945 
1.071 1.1947 
1.065 1.1913 
1.061 1.1902 
1.064 1.1936 
1.065 1.1939 
1.074 1.1962 
1.075 1.1964 
1.074 1.1961 
1.072 1.1961 
1.075 1.1962 
1.07 1.1941 
1.07 1.1935 
1.062 1.191 
1.057 1.1883 
1.042 1.1847 
1.044 1.1858 
1.044 1.1843 
1.046 1.1844 
1.04 1.1823 
1.018 1.1704 
1.022 1.1727 
1.002 1.1646 
1.008 1.1669 
1.015 1.1713 
1.018 1.1748 
1.023 1.1771 
1.023 1.1772 
1.033 1.1813 
1.033 1.1827 
1.028 1.1824 
1.029 1.1838 
1.033 1.1866 
1.028 1.1844 
1.029 1.1851 
1.034 1.1857 
1.042 1.1883 
1.037 1.1865 
1.039 1.1865 
1.038 1.1863 
1.034 1.1844 
1.029 1.181 
1.024 1.1796 
1.021 1.1785 
1.029 1.1792 
1.027 1.1772 
1.025 1.1772 
1.026 1.179 
1.02 1.1778 
1.021 1.1782 
1.023 1.1786 
1.03 1.1816 
1.033 1.1821 
1.036 1.1847 
1.038 1.1851 
1.037 1.1842 
1.036 1.1838 
1.037 1.1838 
1.043 1.1839 
1.045 1.1836 
1.043 1.1824 
1.039 1.1811 
1.034 1.1801 
1.038 1.1791 
1.036 1.1778 
1.032 1.1784 
1.032 1.1778 
1.031 1.1782 
1.039 1.1791 
1.039 1.1793 
1.036 1.1798 
1.034 1.1798 
1.034 1.1805 
1.034 1.1801 
1.041 1.181 
1.041 1.1811 
1.04 1.1812 
1.04 1.1808 
1.055 1.1822 
1.06 1.1827 
1.13 1.2328 
1.135 1.2339 
1.131 1.2322 
1.124 1.2307 
1.112 1.2303 
1.116 1.2313 
1.119 1.2328 
1.115 1.2325 
1.116 1.2324 
1.108 1.2308 
1.106 1.2311 
1.105 1.2324 
1.109 1.2339 
1.113 1.2346 
1.111 1.2343 
1.113 1.2344 
1.114 1.235 
1.114 1.2349 
1.11 1.2344 
1.107 1.234 
1.106 1.2337 
1.11 1.2342 
1.107 1.2334 
1.103 1.2315 
1.098 1.2296 
1.093 1.2277 
1.088 1.2263 
1.087 1.2255 
1.097 1.2267 
1.096 1.2261 
1.102 1.2269 
1.099 1.2261 
1.096 1.2262 
1.091 1.2255 
1.085 1.2251 
1.081 1.2237 
1.078 1.2227 
1.081 1.2243 
1.07 1.2226 
1.072 1.2212 
1.07 1.2177 
1.082 1.2216 
1.08 1.2219 
1.079 1.2213 
1.08 1.221 
1.079 1.2213 
1.072 1.2211 
1.072 1.2208 
1.077 1.22 
1.079 1.2218 
1.084 1.2222 
1.076 1.2208 
1.081 1.2231 
1.085 1.225 
1.082 1.2265 
1.078 1.2233 
1.078 1.2229 
1.077 1.2237 
1.071 1.2204 
1.071 1.2202 
1.07 1.2206 
1.062 1.2191 
1.058 1.2193 
1.054 1.2168 
1.043 1.2122 
1.038 1.2103 
1.035 1.2098 
1.037 1.2042 
1.043 1.2066 
1.037 1.2068 
1.043 1.2084 
1.049 1.208 
1.051 1.2114 
1.054 1.2075 
1.054 1.2048 
1.042 1.1976 
1.046 1.1966 
1.048 1.194 
1.044 1.1912 
1.037 1.1872 
1.034 1.1824 
1.039 1.1833 
1.035 1.1818 
1.033 1.1812 
1.03 1.178 
1.019 1.1728 
1.025 1.1763 
1.039 1.1867 
1.038 1.1852 
1.041 1.1878 
1.044 1.1888 
1.045 1.1908 
1.052 1.1933 
1.051 1.1939 
1.05 1.1936 
1.062 1.2013 
1.062 1.2017 
1.063 1.2028 
1.062 1.2044 
1.068 1.2097 
1.073 1.2141 
1.069 1.212 
1.069 1.212 
1.07 1.2146 
1.068 1.2157 
1.059 1.2138 
1.056 1.2122 
1.055 1.2134 
1.061 1.2197 
1.06 1.2198 
1.065 1.2232 
1.061 1.2225 
1.058 1.2205 
1.061 1.2216 
1.062 1.2227 
1.054 1.2195 
1.057 1.2216 
1.057 1.2219 
1.061 1.2233 
1.064 1.2259 
1.065 1.2275 
1.066 1.2289 
1.062 1.2271 
1.061 1.2289 
1.07 1.2328 
1.071 1.2337 
1.073 1.233 
1.074 1.2324 
1.07 1.2287 
1.068 1.2265 
1.065 1.2262 
1.068 1.2286 
1.067 1.2283 
1.067 1.2292 
1.071 1.2315 
1.079 1.234 
1.08 1.2348 
1.089 1.2378 
1.087 1.2378 
1.088 1.2386 
1.085 1.2387 
1.086 1.24 
1.089 1.2417 
1.087 1.2432 
1.083 1.2428 
1.085 1.2435 
1.084 1.2448 
1.084 1.2449 
1.084 1.2448 
1.073 1.2419 
1.081 1.2477 
1.084 1.2496 
1.083 1.2506 
1.087 1.2534 
1.082 1.2511 
1.085 1.2526 
1.086 1.2556 
1.092 1.2589 
1.092 1.2584 
1.091 1.2585 
1.087 1.2575 
1.085 1.2576 
1.079 1.2566 
1.08 1.2658 
1.088 1.2675 
1.089 1.2682 
1.092 1.269 
1.094 1.2704 
1.093 1.2701 
1.101 1.2705 
1.102 1.2715 
1.101 1.2727 
1.104 1.2757 
1.109 1.2746 
1.112 1.276 
1.113 1.2764 
1.113 1.277 
1.121 1.2781 
1.122 1.2782 
1.128 1.2821 
1.132 1.2855 
1.133 1.2866 
1.136 1.2854 
1.134 1.2839 
1.133 1.2838 
1.135 1.2876 
1.136 1.2878 
1.138 1.2888 
1.137 1.2882 
1.137 1.2899 
1.139 1.2899 
1.142 1.2907 
1.142 1.2914 
1.143 1.2911 
1.147 1.2925 
1.147 1.2906 
1.148 1.2922 
1.148 1.2917 
1.146 1.2906 
1.147 1.2915 
1.148 1.2924 
1.15 1.2933 
1.15 1.2938 
1.151 1.2943 
1.15 1.2933 
1.15 1.294 
1.152 1.2965 
1.153 1.2964 
1.151 1.2958 
1.152 1.2972 
1.152 1.2979 
1.155 1.2998 
1.157 1.3006 
1.16 1.3019 
1.161 1.3029 
1.162 1.3037 
1.163 1.305 
1.162 1.3046 
1.163 1.3049 
1.162 1.3051 
1.164 1.3056 
1.166 1.3061 
1.167 1.3063 
1.167 1.3067 
1.166 1.3065 
1.168 1.3072 
1.171 1.3118 
1.173 1.3121 
1.173 1.3123 
1.172 1.3124 
1.175 1.313 
1.178 1.3134 
1.178 1.3132 
1.18 1.3136 
1.18 1.3138 
1.183 1.3165 
1.184 1.3174 
1.188 1.3177 
1.193 1.3177 
1.193 1.3179 
1.193 1.3183 
1.194 1.3185 
1.194 1.3189 
1.197 1.319 
1.197 1.3194 
1.198 1.3198 
1.191 1.3195 
1.192 1.32 
1.194 1.3204 
1.197 1.3212 
1.197 1.3214 
1.198 1.3241 
1.2 1.3242 
1.201 1.3248 
1.203 1.3251 
1.205 1.326 
1.206 1.3265 
1.21 1.3276 
1.21 1.3278 
1.209 1.3287 
1.211 1.3293 
1.212 1.3303 
1.219 1.3314 
1.221 1.3323 
1.222 1.3342 
1.228 1.3365 
1.227 1.338 
1.226 1.3386 
1.235 1.3394 
1.236 1.3398 
1.237 1.3404 
1.242 1.3412 
1.251 1.3416 
1.253 1.3422 
1.254 1.3433 
1.258 1.3454 
1.26 1.3508 
1.261 1.3562 
1.264 1.3572 
1.265 1.3613 
1.27 1.3649 
1.27 1.3653 
1.275 1.366 
1.268 1.3648 
1.265 1.3648 
1.265 1.363 
1.262 1.36 
1.263 1.3603 
1.262 1.3609 
1.27 1.3615 
1.277 1.3642 
1.278 1.3648 
1.282 1.3652 
1.288 1.3654 
1.301 1.3654 
1.297 1.3654 
1.307 1.3656 
1.308 1.3674 
1.32 1.3671 
1.314 1.3659 
1.317 1.3648 
1.288 1.3624 
1.302 1.3615 
1.306 1.3636 
1.304 1.3636 
1.3 1.3638 
1.302 1.364 
1.301 1.3634 
1.296 1.365 
1.296 1.3662 
1.294 1.3679 
1.292 1.3673 
1.294 1.3677 
1.293 1.3692 
1.299 1.3714 
1.302 1.3728 
1.304 1.3731 
1.311 1.3742 
1.316 1.3757 
1.32 1.3767 
1.322 1.3772 
1.322 1.3768 
1.324 1.378 
1.319 1.3762 
1.324 1.3777 
1.327 1.3791 
1.331 1.3846 
1.332 1.3861 
1.319 1.3818 
1.328 1.3838 
1.334 1.3877 
1.334 1.3893 
1.335 1.3913 
1.334 1.3894 
1.331 1.386 
1.325 1.3842 
1.324 1.3845 
1.323 1.3843 
1.323 1.381 
1.318 1.3811 
1.326 1.3814 
1.323 1.3833 
1.322 1.383 
1.325 1.3884 
1.326 1.39 
1.33 1.3915 
1.318 1.3933 
1.337 1.3971 
1.337 1.4031 
1.341 1.4052 
1.343 1.4072 
1.344 1.4089 
1.351 1.4113 
1.368 1.4142 
1.369 1.4159 
1.375 1.4191 
1.375 1.4182 
1.372 1.4169 
1.376 1.4196 
1.375 1.4188 
1.377 1.4214 
1.377 1.4229 
1.378 1.4239 
1.383 1.4268 
1.391 1.4278 
1.394 1.4248 
1.397 1.4252 
1.402 1.4256 
1.407 1.4271 
1.41 1.4271 
1.412 1.4251 
1.402 1.423 
1.405 1.4231 
1.409 1.4239 
1.413 1.421 
1.415 1.4204 
1.426 1.4201 
1.436 1.4242 
1.44 1.4307 
1.435 1.4248 
1.43 1.4213 
1.434 1.4275 
1.441 1.4336 
1.442 1.4364 
1.429 1.4341 
1.43 1.4362 
1.427 1.4381 
1.42 1.4406 
1.431 1.4427 
1.433 1.4435 
1.433 1.4457 
1.432 1.4448 
1.432 1.4464 
1.428 1.4494 
1.432 1.4524 
1.432 1.4511 
1.433 1.4512 
1.426 1.447 
1.425 1.445 
1.424 1.4457 
1.432 1.4499 
1.438 1.455 
1.438 1.4555 
1.436 1.4557 
1.449 1.4579 
1.45 1.4572 
1.465 1.458 
1.474 1.4601 
1.485 1.4621 
1.501 1.4625 
1.498 1.4653 
1.505 1.4735 
1.521 1.4782 
1.531 1.4859 
1.488 1.4857 
1.495 1.4915 
1.535 1.5046 
1.546 1.5114 
1.544 1.5052 
1.542 1.5055 
1.55 1.5075 
1.547 1.5092 
1.546 1.513 
1.547 1.5072 
1.553 1.5074 
1.562 1.51 
1.565 1.5137 
1.551 1.5022 
1.558 1.5037 
1.544 1.4922 
1.512 1.4782 
1.509 1.4802 
1.519 1.488 
1.5 1.4758 
1.467 1.4563 
1.445 1.4498 
1.461 1.4565 
1.442 1.4475 
1.42 1.4388 
1.413 1.4357 
1.413 1.4388 
1.395 1.4408 
1.386 1.4409 
1.395 1.4407 
1.405 1.4409 
1.42 1.4403 
1.429 1.4411 
1.419 1.4414 
1.425 1.4421 
1.44 1.4488 
1.451 1.4516 
1.456 1.4516 
1.461 1.4523 
1.468 1.4582 
1.465 1.4604 
1.451 1.4611 
1.447 1.4634 
1.458 1.4649 
1.452 1.4656 
1.449 1.4701 
1.442 1.4728 
1.456 1.4738 
1.453 1.4767 
1.452 1.4797 
1.462 1.4816 
1.475 1.483 
1.474 1.4829 
1.471 1.4825 
1.477 1.4833 
1.478 1.4834 
1.484 1.4851 
1.476 1.4856 
1.486 1.4858 
1.478 1.4875 
1.467 1.4875 
1.453 1.487 
1.443 1.4874 
1.436 1.4922 
1.436 1.4926 
1.449 1.4934 
1.448 1.494 
1.437 1.4943 
1.432 1.4952 
1.434 1.4956 
1.443 1.4968 
1.452 1.4971 
1.451 1.4979 
1.453 1.4982 
1.442 1.4998 
1.433 1.5 
1.444 1.5011 
1.44 1.5006 
1.443 1.5011 
1.45 1.502 
1.452 1.5023 
1.451 1.5021 
1.454 1.5027 
1.45 1.5024 
1.453 1.5043 
1.452 1.5046 
1.456 1.5073 
1.464 1.509 
1.466 1.509 
1.473 1.5104 
1.475 1.5115 
1.474 1.5139 
1.482 1.514 
1.489 1.5142 
1.49 1.5147 
1.493 1.5161 
1.486 1.5174 
1.489 1.5185 
1.492 1.5196 
1.497 1.5237 
1.498 1.5258 
1.497 1.5289 
1.499 1.5318 
1.499 1.5352 
1.501 1.5359 
1.503 1.5364 
1.51 1.5357 
1.51 1.5364 
1.514 1.5362 
1.519 1.5326 
1.518 1.5308 
1.524 1.531 
1.527 1.5302 
1.517 1.5302 
1.523 1.5311 
1.52 1.5313 
1.513 1.5308 
1.521 1.5299 
1.523 1.53 
1.523 1.5298 
1.529 1.5292 
1.536 1.5298 
1.537 1.5301 
1.523 1.5305 
1.53 1.5326 
1.532 1.5332 
1.527 1.5344 
1.532 1.5366 
1.534 1.5398 
1.542 1.5416 
1.54 1.5421 
1.535 1.5438 
1.535 1.544 
1.53 1.5449 
1.536 1.5456 
1.546 1.5458 
1.549 1.5458 
1.555 1.547 
1.558 1.5475 
1.56 1.5509 
1.562 1.5527 
1.561 1.5543 
1.571 1.5551 
1.577 1.5573 
1.571 1.5589 
1.582 1.5607 
1.585 1.56 
1.585 1.5605 
