0.162 0.1593 0.1593 1.002 
0.1625 0.1601 0.1601 1.002 
0.1625 0.1602 0.1602 1.004 
0.1624 0.1599 0.1599 1.005 
0.1626 0.1597 0.1597 1.005 
0.1625 0.1596 0.1596 1.004 
0.1625 0.1594 0.1594 1.003 
0.1626 0.1595 0.1595 1.003 
0.1628 0.1596 0.1596 1.002 
0.1631 0.16 0.16 1.003 
0.1635 0.1603 0.1603 1.004 
0.1636 0.1605 0.1605 1.005 
0.1644 0.1605 0.1605 1.007 
0.1648 0.1604 0.1604 1.008 
0.1649 0.1603 0.1603 1.008 
0.1653 0.1604 0.1604 1.008 
0.1661 0.1604 0.1604 1.008 
0.1664 0.1606 0.1606 1.009 
0.1659 0.1609 0.1609 1.008 
0.166 0.161 0.161 1.009 
0.1655 0.1606 0.1606 1.01 
0.1653 0.1608 0.1608 1.011 
0.1654 0.161 0.161 1.009 
0.1656 0.161 0.161 1.01 
0.1656 0.1614 0.1614 1.01 
0.1653 0.1614 0.1614 1.011 
0.1647 0.1616 0.1616 1.012 
0.1651 0.1615 0.1615 1.013 
0.1647 0.1614 0.1614 1.014 
0.164 0.1615 0.1615 1.013 
0.164 0.1611 0.1611 1.013 
0.1634 0.1614 0.1614 1.013 
0.163 0.1615 0.1615 1.011 
0.1633 0.1616 0.1616 1.013 
0.1631 0.1617 0.1617 1.013 
0.1628 0.1619 0.1619 1.014 
0.1623 0.1618 0.1618 1.014 
0.1605 0.1618 0.1618 1.015 
0.1615 0.1615 0.1615 1.015 
0.1623 0.1617 0.1615 1.015 
0.1622 0.162 0.1617 1.013 
0.1621 0.1623 0.162 1.012 
0.1605 0.1627 0.1623 1.014 
0.1593 0.1629 0.1627 1.017 
0.1578 0.1636 0.1629 1.019 
0.1569 0.1638 0.1636 1.019 
0.1568 0.164 0.1638 1.024 
0.158 0.1636 0.164 1.024 
0.1587 0.1638 0.1636 1.024 
0.1587 0.1636 0.1638 1.021 
0.1597 0.1636 0.1636 1.021 
0.1591 0.1641 0.1636 1.021 
0.1588 0.1645 0.1641 1.021 
0.1584 0.1649 0.1645 1.024 
0.158 0.1655 0.1649 1.026 
0.1586 0.1656 0.1655 1.029 
0.1588 0.1664 0.1656 1.031 
0.1596 0.167 0.1664 1.03 
0.1599 0.1676 0.167 1.033 
0.1604 0.168 0.1676 1.038 
0.161 0.1686 0.168 1.041 
0.1613 0.1689 0.1686 1.043 
0.1619 0.1688 0.1689 1.045 
0.1621 0.1685 0.1688 1.046 
0.1625 0.1678 0.1685 1.047 
0.1629 0.1679 0.1678 1.046 
0.1625 0.1681 0.1679 1.041 
0.1618 0.1681 0.1681 1.042 
0.162 0.168 0.1681 1.044 
0.1619 0.1674 0.168 1.042 
0.1617 0.1664 0.1674 1.04 
0.1616 0.1666 0.1664 1.036 
0.1613 0.1666 0.1666 1.031 
0.1617 0.1661 0.1666 1.031 
0.1623 0.1654 0.1661 1.03 
0.1626 0.1655 0.1654 1.027 
0.1627 0.1647 0.1655 1.023 
0.1635 0.1634 0.1647 1.023 
0.1636 0.1639 0.1634 1.018 
0.1639 0.1637 0.1639 1.01 
0.1637 0.1631 0.1637 1.012 
0.163 0.1628 0.1631 1.011 
0.1624 0.1602 0.1628 1.007 
0.1621 0.1615 0.1602 1.003 
0.1619 0.1622 0.1615 0.987 
0.1624 0.1624 0.1622 0.995 
0.1627 0.1616 0.1624 0.999 
0.1628 0.1595 0.1616 1.001 
0.1623 0.157 0.1595 0.997 
0.1626 0.1545 0.157 0.984 
0.1627 0.1533 0.1545 0.97 
0.1631 0.1536 0.1533 0.955 
0.1631 0.1553 0.1536 0.947 
0.1631 0.1559 0.1553 0.949 
0.1631 0.156 0.1559 0.96 
0.1631 0.1572 0.156 0.963 
0.1633 0.1558 0.1572 0.964 
0.1636 0.1553 0.1558 0.971 
0.1638 0.1542 0.1553 0.963 
0.1642 0.1534 0.1542 0.959 
0.1642 0.1542 0.1534 0.953 
0.1649 0.1543 0.1542 0.948 
0.165 0.1552 0.1543 0.952 
0.1656 0.1558 0.1552 0.951 
0.1663 0.1565 0.1558 0.956 
0.1659 0.1574 0.1565 0.96 
0.166 0.158 0.1574 0.965 
0.166 0.1596 0.158 0.971 
0.1662 0.1598 0.1596 0.974 
0.166 0.1606 0.1598 0.985 
0.1671 0.1613 0.1606 0.987 
0.1671 0.1606 0.1613 0.991 
0.1674 0.1597 0.1606 0.995 
0.1675 0.1599 0.1597 0.991 
0.1683 0.1598 0.1599 0.986 
0.1661 0.1595 0.1598 0.987 
0.1666 0.1593 0.1595 0.986 
0.167 0.1591 0.1593 0.985 
0.1671 0.1598 0.1591 0.984 
0.167 0.1603 0.1598 0.983 
0.1669 0.1608 0.1603 0.988 
0.1668 0.161 0.1608 0.99 
0.1668 0.1611 0.161 0.993 
0.1669 0.1617 0.1611 0.994 
0.1669 0.1622 0.1617 0.994 
0.1669 0.1624 0.1622 0.997 
0.1669 0.1625 0.1624 1.0 
0.1667 0.1627 0.1625 1.002 
0.1667 0.1622 0.1627 1.003 
0.1665 0.1615 0.1622 1.004 
0.1666 0.1603 0.1615 1.0 
0.1666 0.16 0.1603 0.996 
0.1665 0.1596 0.16 0.989 
0.1665 0.1601 0.1596 0.987 
0.1666 0.1605 0.1601 0.985 
0.1667 0.161 0.1605 0.988 
0.1669 0.1602 0.161 0.99 
0.1675 0.1606 0.1602 0.993 
0.1677 0.1609 0.1606 0.988 
0.1677 0.1614 0.1609 0.991 
0.1676 0.1617 0.1614 0.993 
0.1676 0.1614 0.1617 0.996 
0.1678 0.1616 0.1614 0.998 
0.1679 0.1617 0.1616 0.996 
0.1678 0.1622 0.1617 0.997 
0.1678 0.1626 0.1622 0.998 
0.1681 0.163 0.1626 1.0 
0.1682 0.1635 0.163 1.002 
0.1685 0.1635 0.1635 1.004 
0.1687 0.1647 0.1635 1.007 
0.1688 0.1649 0.1647 1.007 
0.1691 0.1659 0.1649 1.014 
0.1695 0.1667 0.1659 1.015 
0.1697 0.1661 0.1667 1.021 
0.1696 0.1662 0.1661 1.025 
0.1695 0.1662 0.1662 1.021 
0.1696 0.1664 0.1662 1.022 
0.1697 0.1662 0.1664 1.022 
0.1698 0.1675 0.1662 1.023 
0.1697 0.1675 0.1675 1.022 
0.1697 0.1679 0.1675 1.029 
0.1697 0.1679 0.1679 1.029 
0.1699 0.1689 0.1679 1.032 
0.1699 0.1694 0.1689 1.032 
0.1702 0.1703 0.1694 1.037 
0.1704 0.1711 0.1703 1.04 
0.1704 0.1716 0.1711 1.046 
0.1705 0.1717 0.1716 1.05 
0.1702 0.1712 0.1717 1.053 
0.1702 0.1709 0.1712 1.054 
0.17 0.1709 0.1709 1.05 
0.1697 0.1707 0.1709 1.048 
0.1698 0.1709 0.1707 1.048 
0.1702 0.171 0.1709 1.047 
0.1703 0.1709 0.171 1.049 
0.1665 0.171 0.1709 1.05 
0.1664 0.1708 0.171 1.05 
0.1666 0.1709 0.1708 1.051 
0.1666 0.1706 0.1709 1.05 
0.1665 0.171 0.1706 1.05 
0.1663 0.1708 0.171 1.049 
0.1657 0.1707 0.1708 1.051 
0.1654 0.1706 0.1707 1.048 
0.1647 0.1707 0.1706 1.048 
0.1644 0.1709 0.1707 1.047 
0.1648 0.171 0.1709 1.047 
0.1652 0.1714 0.171 1.048 
0.1649 0.1716 0.1714 1.049 
0.1653 0.1718 0.1716 1.051 
0.1654 0.1716 0.1718 1.052 
0.1657 0.1716 0.1716 1.053 
0.1661 0.1718 0.1716 1.053 
0.1661 0.1718 0.1718 1.053 
0.1663 0.1719 0.1718 1.054 
0.1665 0.1718 0.1719 1.054 
0.1667 0.172 0.1718 1.054 
0.1665 0.1723 0.172 1.054 
0.1662 0.1724 0.1723 1.055 
0.1663 0.1726 0.1724 1.057 
0.166 0.1727 0.1726 1.058 
0.1658 0.1728 0.1727 1.058 
0.1658 0.1732 0.1728 1.059 
0.1657 0.1733 0.1732 1.058 
0.1658 0.1733 0.1733 1.059 
0.1658 0.1733 0.1733 1.059 
0.1658 0.1732 0.1733 1.059 
0.1658 0.1733 0.1732 1.059 
0.1661 0.1735 0.1733 1.059 
0.1663 0.1733 0.1735 1.059 
0.166 0.1731 0.1733 1.06 
0.1659 0.1732 0.1731 1.059 
0.1656 0.1733 0.1732 1.059 
0.1655 0.1734 0.1733 1.06 
0.1646 0.174 0.1734 1.06 
0.1642 0.1739 0.174 1.06 
0.1639 0.174 0.1739 1.062 
0.1634 0.1741 0.174 1.061 
0.163 0.174 0.1741 1.061 
0.1634 0.1739 0.174 1.062 
0.1638 0.1738 0.1739 1.062 
0.1641 0.1734 0.1738 1.062 
0.1649 0.1735 0.1734 1.061 
0.1649 0.1737 0.1735 1.059 
0.1649 0.17 0.1737 1.06 
0.1653 0.17 0.17 1.06 
0.1657 0.1701 0.17 1.036 
0.1662 0.1701 0.1701 1.036 
0.1663 0.1702 0.1701 1.038 
0.1665 0.17 0.1702 1.039 
0.1667 0.1694 0.17 1.039 
0.167 0.1694 0.1694 1.038 
0.1671 0.1688 0.1694 1.035 
0.1671 0.1686 0.1688 1.035 
0.1669 0.1689 0.1686 1.03 
0.1669 0.1691 0.1689 1.029 
0.167 0.169 0.1691 1.031 
0.167 0.1691 0.169 1.033 
0.1665 0.1693 0.1691 1.032 
0.1665 0.1693 0.1693 1.033 
0.1673 0.1695 0.1693 1.034 
0.1674 0.1696 0.1695 1.034 
0.1674 0.1696 0.1696 1.035 
0.1674 0.1698 0.1696 1.036 
0.1675 0.1697 0.1698 1.036 
0.1676 0.1696 0.1697 1.037 
0.1677 0.1697 0.1696 1.037 
0.168 0.1695 0.1697 1.037 
0.1665 0.1695 0.1695 1.038 
0.1678 0.1693 0.1695 1.037 
0.1676 0.1694 0.1693 1.037 
0.1676 0.1694 0.1694 1.036 
0.1675 0.1693 0.1694 1.037 
0.1665 0.1695 0.1693 1.037 
0.1682 0.1695 0.1695 1.036 
0.1684 0.1695 0.1695 1.038 
0.1682 0.1696 0.1695 1.038 
0.1683 0.1695 0.1696 1.038 
0.1684 0.1693 0.1695 1.038 
0.1686 0.169 0.1693 1.039 
0.1691 0.1689 0.169 1.038 
0.1692 0.1684 0.1689 1.037 
0.1694 0.1678 0.1684 1.036 
0.1697 0.1676 0.1678 1.033 
0.1699 0.1669 0.1676 1.029 
0.17 0.1663 0.1669 1.028 
0.1703 0.1667 0.1663 1.024 
0.1706 0.1671 0.1667 1.022 
0.1707 0.1672 0.1671 1.025 
0.1707 0.1676 0.1672 1.027 
0.1711 0.1674 0.1676 1.027 
0.1717 0.1672 0.1674 1.03 
0.1721 0.1676 0.1672 1.029 
0.1722 0.1678 0.1676 1.028 
0.1723 0.1678 0.1678 1.031 
0.1724 0.1679 0.1678 1.032 
0.1724 0.1681 0.1679 1.032 
0.1722 0.1684 0.1681 1.033 
0.1724 0.1688 0.1684 1.035 
0.1726 0.1688 0.1688 1.036 
0.1728 0.1688 0.1688 1.038 
0.1731 0.1687 0.1688 1.038 
0.1733 0.1686 0.1687 1.038 
0.1733 0.1685 0.1686 1.038 
0.1735 0.1687 0.1685 1.038 
0.1736 0.1688 0.1687 1.038 
0.1738 0.1688 0.1688 1.039 
0.1741 0.1687 0.1688 1.04 
0.1746 0.1687 0.1687 1.04 
0.175 0.1686 0.1687 1.039 
0.1751 0.1686 0.1686 1.039 
0.1751 0.1682 0.1686 1.038 
0.1752 0.1685 0.1682 1.038 
0.1752 0.1682 0.1685 1.036 
0.1753 0.168 0.1682 1.037 
0.1753 0.1677 0.168 1.035 
0.1751 0.1676 0.1677 1.034 
0.175 0.1678 0.1676 1.033 
0.1751 0.168 0.1678 1.033 
0.1749 0.1682 0.168 1.034 
0.1751 0.1683 0.1682 1.036 
0.1753 0.1682 0.1683 1.037 
0.1756 0.1679 0.1682 1.037 
0.1758 0.1679 0.1679 1.037 
0.1759 0.1682 0.1679 1.035 
0.1761 0.1681 0.1682 1.035 
0.176 0.1681 0.1681 1.037 
0.176 0.1683 0.1681 1.037 
0.1758 0.1682 0.1683 1.037 
0.1758 0.1682 0.1682 1.038 
0.1759 0.1682 0.1682 1.038 
0.1757 0.1682 0.1682 1.038 
0.1755 0.1681 0.1682 1.038 
0.1751 0.168 0.1681 1.038 
0.1758 0.1683 0.168 1.037 
0.1761 0.1688 0.1683 1.037 
0.1764 0.1692 0.1688 1.037 
0.1766 0.1702 0.1692 1.038 
0.177 0.1702 0.1702 1.04 
0.1773 0.1702 0.1702 1.047 
0.1774 0.1701 0.1702 1.047 
0.1773 0.17 0.1701 1.047 
0.1773 0.1702 0.17 1.047 
0.1773 0.1705 0.1702 1.046 
0.1774 0.1707 0.1705 1.048 
0.1775 0.1711 0.1707 1.049 
0.1775 0.1711 0.1711 1.05 
0.1776 0.1711 0.1711 1.053 
0.1776 0.1713 0.1711 1.053 
0.1777 0.1716 0.1713 1.053 
0.1776 0.1718 0.1716 1.054 
0.1777 0.1722 0.1718 1.056 
0.1777 0.1728 0.1722 1.057 
0.1778 0.1732 0.1728 1.06 
0.1779 0.173 0.1732 1.064 
0.1777 0.1732 0.173 1.068 
0.1769 0.1735 0.1732 1.066 
0.1765 0.1734 0.1735 1.066 
0.1767 0.1734 0.1734 1.066 
0.1769 0.1732 0.1734 1.066 
0.1769 0.1729 0.1732 1.066 
0.177 0.1728 0.1729 1.065 
0.1769 0.1723 0.1728 1.064 
0.1768 0.1727 0.1723 1.064 
0.1769 0.173 0.1727 1.061 
0.1769 0.1735 0.173 1.063 
0.1767 0.1739 0.1735 1.065 
0.1765 0.1742 0.1739 1.068 
0.1764 0.1743 0.1742 1.071 
0.1767 0.1745 0.1743 1.073 
0.1768 0.1744 0.1745 1.074 
0.1763 0.174 0.1744 1.075 
0.176 0.1736 0.174 1.075 
0.1758 0.1735 0.1736 1.073 
0.1755 0.1739 0.1735 1.071 
0.1746 0.1735 0.1739 1.07 
0.1747 0.1735 0.1735 1.072 
0.1754 0.1733 0.1735 1.07 
0.1759 0.1744 0.1733 1.07 
0.1763 0.1747 0.1744 1.067 
0.1766 0.1749 0.1747 1.073 
0.1767 0.1752 0.1749 1.075 
0.1769 0.1753 0.1752 1.076 
0.1769 0.1755 0.1753 1.078 
0.177 0.1758 0.1755 1.079 
0.1771 0.1754 0.1758 1.08 
0.1772 0.1751 0.1754 1.082 
0.1774 0.1751 0.1751 1.08 
0.1773 0.175 0.1751 1.079 
0.1773 0.1753 0.175 1.079 
0.1772 0.1755 0.1753 1.079 
0.1772 0.1755 0.1755 1.081 
0.1773 0.1755 0.1755 1.082 
0.1773 0.1754 0.1755 1.082 
0.1773 0.1754 0.1754 1.082 
0.1774 0.1756 0.1754 1.082 
0.1774 0.1755 0.1756 1.082 
0.1776 0.1765 0.1755 1.083 
0.1776 0.1764 0.1765 1.083 
0.1776 0.1762 0.1764 1.084 
0.1773 0.1759 0.1762 1.084 
0.1773 0.1757 0.1759 1.083 
0.1779 0.1761 0.1757 1.081 
0.178 0.176 0.1761 1.08 
0.178 0.1759 0.176 1.082 
0.1781 0.1757 0.1759 1.082 
0.1781 0.175 0.1757 1.081 
0.1778 0.1749 0.175 1.08 
0.1778 0.175 0.1749 1.076 
0.1774 0.1743 0.175 1.075 
0.1775 0.1735 0.1743 1.076 
0.1772 0.1736 0.1735 1.072 
0.1774 0.1742 0.1736 1.068 
0.1771 0.1746 0.1742 1.068 
0.177 0.1739 0.1746 1.071 
0.1767 0.1733 0.1739 1.073 
0.1764 0.1734 0.1733 1.069 
0.176 0.1728 0.1734 1.065 
0.1755 0.1722 0.1728 1.065 
0.175 0.172 0.1722 1.062 
0.1752 0.1725 0.172 1.057 
0.1755 0.1731 0.1725 1.056 
0.1755 0.1733 0.1731 1.06 
0.1755 0.1734 0.1733 1.063 
0.1756 0.1736 0.1734 1.065 
0.1758 0.1738 0.1736 1.066 
0.1759 0.1737 0.1738 1.067 
0.1759 0.1741 0.1737 1.068 
0.175 0.1739 0.1741 1.067 
0.1732 0.1743 0.1739 1.069 
0.1721 0.1739 0.1743 1.069 
0.1717 0.1735 0.1739 1.071 
0.1725 0.1732 0.1735 1.07 
0.1731 0.1723 0.1732 1.068 
0.1737 0.173 0.1723 1.065 
0.1665 0.1732 0.173 1.061 
0.1656 0.1734 0.1732 1.066 
0.1646 0.1735 0.1734 1.063 
0.1647 0.1737 0.1735 1.065 
0.1652 0.1735 0.1737 1.066 
0.1655 0.1738 0.1735 1.067 
0.1662 0.1739 0.1738 1.065 
0.1667 0.1739 0.1739 1.067 
0.1667 0.1737 0.1739 1.068 
0.1674 0.174 0.1737 1.068 
0.1681 0.1749 0.174 1.067 
0.168 0.1751 0.1749 1.068 
0.1686 0.175 0.1751 1.074 
0.1683 0.1754 0.175 1.075 
0.1683 0.1752 0.1754 1.074 
0.1684 0.1746 0.1752 1.076 
0.1676 0.1737 0.1746 1.075 
0.1678 0.1737 0.1737 1.071 
0.168 0.1734 0.1737 1.066 
0.1681 0.1735 0.1734 1.067 
0.1683 0.173 0.1735 1.064 
0.1682 0.1729 0.173 1.063 
0.1685 0.1724 0.1729 1.059 
0.1685 0.1719 0.1724 1.058 
0.1685 0.1714 0.1719 1.054 
0.1695 0.1701 0.1714 1.052 
0.1697 0.1695 0.1701 1.048 
0.1701 0.1696 0.1695 1.041 
0.1705 0.1698 0.1696 1.036 
0.1706 0.1684 0.1696 1.038 
0.1706 0.1682 0.1684 1.039 
0.1706 0.1683 0.1682 1.031 
0.1706 0.1688 0.1683 1.03 
0.1706 0.1689 0.1688 1.031 
0.1704 0.1688 0.1689 1.033 
0.1701 0.1677 0.1688 1.034 
0.17 0.1652 0.1677 1.033 
0.1699 0.1637 0.1652 1.027 
0.1695 0.1636 0.1637 1.012 
0.1693 0.1643 0.1636 1.003 
0.1692 0.1651 0.1643 1.003 
0.1695 0.1662 0.1651 1.007 
0.1691 0.1662 0.1662 1.011 
0.1692 0.1646 0.1662 1.017 
0.1695 0.1634 0.1646 1.017 
0.1695 0.1637 0.1634 1.007 
0.1696 0.164 0.1637 1.0 
0.1699 0.1654 0.164 1.002 
0.1701 0.166 0.1654 1.005 
0.1704 0.1658 0.166 1.013 
0.1704 0.167 0.1658 1.018 
0.1709 0.1682 0.167 1.018 
0.1716 0.1681 0.1682 1.025 
0.1718 0.1686 0.1681 1.031 
0.1723 0.1683 0.1686 1.031 
0.1731 0.1683 0.1683 1.035 
0.173 0.1686 0.1683 1.033 
0.1731 0.1682 0.1686 1.033 
0.1732 0.1685 0.1682 1.034 
0.1729 0.1685 0.1685 1.032 
0.1728 0.1689 0.1685 1.032 
0.1726 0.1695 0.1689 1.033 
0.1727 0.1694 0.1695 1.035 
0.1729 0.1697 0.1694 1.039 
0.1733 0.1696 0.1697 1.039 
0.1735 0.1707 0.1696 1.04 
0.1736 0.1711 0.1707 1.04 
0.1739 0.1711 0.1711 1.048 
0.174 0.1713 0.1711 1.05 
0.1741 0.1714 0.1713 1.052 
0.174 0.1715 0.1714 1.054 
0.1739 0.1716 0.1715 1.055 
0.1736 0.1716 0.1716 1.055 
0.174 0.1715 0.1716 1.056 
0.1744 0.1715 0.1715 1.056 
0.1745 0.1709 0.1715 1.056 
0.1747 0.1707 0.1709 1.056 
0.175 0.171 0.1707 1.053 
0.1753 0.1704 0.171 1.052 
0.1754 0.1703 0.1704 1.053 
0.1755 0.1701 0.1703 1.05 
0.1757 0.1708 0.1701 1.049 
0.1758 0.1703 0.1708 1.047 
0.1759 0.1704 0.1703 1.05 
0.1761 0.1715 0.1704 1.047 
0.1761 0.172 0.1715 1.047 
0.1761 0.1724 0.172 1.053 
0.1757 0.1725 0.1724 1.056 
0.1757 0.1726 0.1725 1.058 
0.176 0.1729 0.1726 1.059 
0.1759 0.1734 0.1729 1.06 
0.1758 0.1748 0.1734 1.062 
0.1756 0.1748 0.1748 1.065 
0.1756 0.1759 0.1748 1.073 
0.1754 0.1764 0.1759 1.073 
0.1752 0.1766 0.1764 1.079 
0.1756 0.1772 0.1766 1.082 
0.1759 0.177 0.1772 1.084 
0.1758 0.1774 0.177 1.088 
0.1757 0.1776 0.1774 1.087 
0.1758 0.1774 0.1776 1.088 
0.1761 0.1775 0.1774 1.089 
0.1763 0.1771 0.1775 1.087 
0.1768 0.177 0.1771 1.087 
0.1771 0.1774 0.177 1.085 
0.1771 0.178 0.1774 1.085 
0.177 0.1782 0.178 1.087 
0.1766 0.1782 0.1782 1.09 
0.1767 0.1787 0.1782 1.091 
0.1772 0.1786 0.1787 1.091 
0.1773 0.1787 0.1786 1.093 
0.1769 0.1785 0.1787 1.092 
0.1762 0.1786 0.1785 1.093 
0.1736 0.1784 0.1786 1.092 
0.1749 0.1789 0.1784 1.092 
0.1761 0.1794 0.1789 1.09 
0.1765 0.1794 0.1794 1.094 
0.1766 0.1798 0.1794 1.097 
0.1768 0.1802 0.1798 1.097 
0.1769 0.1807 0.1802 1.099 
0.1776 0.1809 0.1807 1.101 
0.1778 0.1809 0.1809 1.104 
0.178 0.1809 0.1809 1.105 
0.1779 0.1811 0.1809 1.105 
0.1779 0.1811 0.1811 1.106 
0.1772 0.181 0.1811 1.107 
0.1773 0.1809 0.181 1.107 
0.1774 0.1807 0.1809 1.107 
0.1776 0.1804 0.1807 1.107 
0.1779 0.18 0.1804 1.106 
0.1779 0.1802 0.18 1.104 
0.1777 0.18 0.1802 1.102 
0.1777 0.1798 0.18 1.103 
0.1778 0.1795 0.1798 1.101 
0.1779 0.1792 0.1795 1.1 
0.1779 0.1791 0.1792 1.098 
0.1774 0.179 0.1791 1.097 
0.176 0.1796 0.179 1.096 
0.1759 0.1802 0.1796 1.095 
0.1759 0.18 0.1802 1.098 
0.1759 0.1799 0.18 1.102 
0.1756 0.18 0.1799 1.101 
0.1755 0.1804 0.18 1.1 
0.175 0.1808 0.1804 1.101 
0.1743 0.1816 0.1808 1.103 
0.1723 0.1822 0.1816 1.105 
0.1723 0.182 0.1822 1.11 
0.1718 0.1821 0.182 1.114 
0.173 0.1818 0.1821 1.113 
0.1738 0.1819 0.1818 1.113 
0.1736 0.1824 0.1819 1.112 
0.1735 0.1819 0.1824 1.112 
0.1733 0.181 0.1819 1.116 
0.1733 0.1774 0.181 1.113 
0.1735 0.1787 0.1774 1.107 
0.1739 0.1797 0.1787 1.085 
0.1738 0.1801 0.1797 1.093 
0.1741 0.1802 0.1801 1.099 
0.1743 0.1804 0.1802 1.101 
0.1743 0.1805 0.1804 1.102 
0.1747 0.1807 0.1805 1.103 
0.1751 0.1811 0.1807 1.104 
0.1755 0.1814 0.1811 1.106 
0.1756 0.1811 0.1814 1.108 
0.1759 0.1813 0.1811 1.11 
0.1756 0.1813 0.1813 1.108 
0.1756 0.1803 0.1813 1.109 
0.1753 0.1804 0.1803 1.109 
0.1753 0.1802 0.1804 1.103 
0.1746 0.1805 0.1802 1.103 
0.175 0.1805 0.1805 1.102 
0.177 0.1805 0.1805 1.104 
0.1773 0.1803 0.1805 1.104 
0.1778 0.1801 0.1803 1.104 
0.1781 0.1803 0.1801 1.103 
0.1781 0.1805 0.1803 1.102 
0.1783 0.1805 0.1805 1.103 
0.1787 0.1793 0.1805 1.104 
0.179 0.1769 0.1793 1.104 
0.1791 0.1764 0.1769 1.117 
0.1791 0.1765 0.1764 1.12 
0.1793 0.177 0.1765 1.129 
0.1795 0.1765 0.177 1.129 
0.1803 0.1765 0.1765 1.132 
0.1806 0.176 0.1765 1.129 
0.1806 0.1751 0.176 1.129 
0.1807 0.1733 0.1751 1.125 
0.1809 0.1724 0.1733 1.118 
0.181 0.1719 0.1724 1.107 
0.1811 0.1731 0.1719 1.103 
0.1812 0.1733 0.1731 1.101 
0.1811 0.1733 0.1733 1.109 
0.1809 0.1735 0.1733 1.109 
0.1808 0.1732 0.1735 1.107 
0.1803 0.1733 0.1732 1.106 
0.1794 0.174 0.1733 1.102 
0.1792 0.1739 0.174 1.103 
0.1792 0.1744 0.1739 1.107 
0.1788 0.1745 0.1744 1.109 
0.1795 0.1747 0.1745 1.111 
0.1798 0.1752 0.1747 1.112 
0.1804 0.1757 0.1752 1.112 
0.1805 0.1759 0.1757 1.116 
0.1806 0.1759 0.1759 1.119 
0.1804 0.1762 0.1759 1.119 
0.1804 0.1758 0.1762 1.12 
0.1805 0.1757 0.1758 1.123 
0.1804 0.1753 0.1757 1.121 
0.1805 0.1737 0.1753 1.121 
0.1804 0.1742 0.1737 1.118 
0.1804 0.1773 0.1742 1.106 
0.1803 0.1781 0.1773 1.108 
0.1803 0.179 0.1781 1.126 
0.1805 0.1797 0.179 1.131 
0.1804 0.1796 0.1797 1.135 
0.1804 0.1798 0.1796 1.136 
0.1801 0.1805 0.1798 1.139 
0.1799 0.1813 0.1805 1.14 
0.179 0.1812 0.1813 1.145 
0.1788 0.1814 0.1812 1.152 
0.1789 0.1819 0.1814 1.153 
0.1796 0.1835 0.1819 1.152 
0.1797 0.1838 0.1835 1.157 
0.1798 0.1838 0.1838 1.166 
0.1799 0.184 0.1838 1.167 
0.18 0.1841 0.184 1.168 
0.1801 0.1843 0.1841 1.17 
0.1801 0.1843 0.1843 1.169 
0.1803 0.1846 0.1843 1.164 
0.1803 0.1844 0.1846 1.167 
0.1805 0.1842 0.1844 1.169 
0.1806 0.1837 0.1842 1.169 
